0,0
0.1,0.0226481
0.2,0.0487787
0.3,0.0786132
0.4,0.112272
0.5,0.149738
0.6,0.190823
0.7,0.235141
0.8,0.282109
0.9,0.330963
1,0.380797
1.1,0.430631
1.2,0.479485
1.3,0.526453
1.4,0.570772
1.5,0.611856
1.6,0.649322
1.7,0.682981
1.8,0.712815
1.9,0.738946
2,0.761594
2.1,0.781047
2.2,0.797624
2.3,0.811659
2.4,0.823473
2.5,0.833371
2.6,0.841631
2.7,0.848502
2.8,0.8542
2.9,0.858916
3,0.862811
3.1,0.866023
3.2,0.868669
3.3,0.870845
3.4,0.872635
3.5,0.874104
3.6,0.875311
3.7,0.876301
3.8,0.877113
3.9,0.877779
4,0.878324
4.1,0.878772
4.2,0.879138
4.3,0.879439
4.4,0.879685
4.5,0.879886
4.6,0.880051
4.7,0.880186
4.8,0.880297
4.9,0.880388
5,0.880462
5.1,0.880522
5.2,0.880572
5.3,0.880613
5.4,0.880646
5.5,0.880674
5.6,0.880696
5.7,0.880714
5.8,0.880729
5.9,0.880742
6,0.880752
6.1,0.88076
6.2,0.880767
6.3,0.880772
6.4,0.880777
6.5,0.88078
6.6,0.880783
6.7,0.880786
6.8,0.880788
6.9,0.88079
7,0.880791
7.1,0.880792
7.2,0.880793
7.3,0.880794
7.4,0.880794
7.5,0.880795
7.6,0.880795
7.7,0.880796
7.8,0.880796
7.9,0.880796
8,0.880796
8.1,0.880796
8.2,0.880797
8.3,0.880797
8.4,0.880797
8.5,0.880797
8.6,0.880797
8.7,0.880797
8.8,0.880797
8.9,0.880797
9,0.880797
9.1,0.880797
9.2,0.880797
9.3,0.880797
9.4,0.880797
9.5,0.880797
9.6,0.880797
9.7,0.880797
9.8,0.880797
9.9,0.880797
10,0.880797
10.1,0.880797
10.2,0.880797
10.3,0.880797
10.4,0.880797
10.5,0.880797
10.6,0.880797
10.7,0.880797
10.8,0.880797
10.9,0.880797
11,0.880797
11.1,0.880797
11.2,0.880797
11.3,0.880797
11.4,0.880797
11.5,0.880797
11.6,0.880797
11.7,0.880797
11.8,0.880797
11.9,0.880797
12,0.880797
12.1,0.880797
12.2,0.880797
12.3,0.880797
12.4,0.880797
12.5,0.880797
12.6,0.880797
12.7,0.880797
12.8,0.880797
12.9,0.880797
13,0.880797
13.1,0.880797
13.2,0.880797
13.3,0.880797
13.4,0.880797
13.5,0.880797
13.6,0.880797
13.7,0.880797
13.8,0.880797
13.9,0.880797
14,0.880797
14.1,0.880797
14.2,0.880797
14.3,0.880797
14.4,0.880797
14.5,0.880797
14.6,0.880797
14.7,0.880797
14.8,0.880797
14.9,0.880797
15,0.880797
15.1,0.880797
15.2,0.880797
15.3,0.880797
15.4,0.880797
15.5,0.880797
15.6,0.880797
15.7,0.880797
15.8,0.880797
15.9,0.880797
16,0.880797
16.1,0.880797
16.2,0.880797
16.3,0.880797
16.4,0.880797
16.5,0.880797
16.6,0.880797
16.7,0.880797
16.8,0.880797
16.9,0.880797
17,0.880797
17.1,0.880797
17.2,0.880797
17.3,0.880797
17.4,0.880797
17.5,0.880797
17.6,0.880797
17.7,0.880797
17.8,0.880797
17.9,0.880797
18,0.880797
18.1,0.880797
18.2,0.880797
18.3,0.880797
18.4,0.880797
18.5,0.880797
18.6,0.880797
18.7,0.880797
18.8,0.880797
18.9,0.880797
19,0.880797
19.1,0.880797
19.2,0.880797
19.3,0.880797
19.4,0.880797
19.5,0.880797
19.6,0.880797
19.7,0.880797
19.8,0.880797
19.9,0.880797
20,0.880797
20.1,0.880797
20.2,0.880797
20.3,0.880797
20.4,0.880797
20.5,0.880797
20.6,0.880797
20.7,0.880797
20.8,0.880797
20.9,0.880797
21,0.880797
21.1,0.880797
21.2,0.880797
21.3,0.880797
21.4,0.880797
21.5,0.880797
21.6,0.880797
21.7,0.880797
21.8,0.880797
21.9,0.880797
22,0.880797
22.1,0.880797
22.2,0.880797
22.3,0.880797
22.4,0.880797
22.5,0.880797
22.6,0.880797
22.7,0.880797
22.8,0.880797
22.9,0.880797
23,0.880797
23.1,0.880797
23.2,0.880797
23.3,0.880797
23.4,0.880797
23.5,0.880797
23.6,0.880797
23.7,0.880797
23.8,0.880797
23.9,0.880797
24,0.880797
24.1,0.880797
24.2,0.880797
24.3,0.880797
24.4,0.880797
24.5,0.880797
24.6,0.880797
24.7,0.880797
24.8,0.880797
24.9,0.880797
25,0.880797
25.1,0.880797
25.2,0.880797
25.3,0.880797
25.4,0.880797
25.5,0.880797
25.6,0.880797
25.7,0.880797
25.8,0.880797
25.9,0.880797
26,0.880797
26.1,0.880797
26.2,0.880797
26.3,0.880797
26.4,0.880797
26.5,0.880797
26.6,0.880797
26.7,0.880797
26.8,0.880797
26.9,0.880797
27,0.880797
27.1,0.880797
27.2,0.880797
27.3,0.880797
27.4,0.880797
27.5,0.880797
27.6,0.880797
27.7,0.880797
27.8,0.880797
27.9,0.880797
28,0.880797
28.1,0.880797
28.2,0.880797
28.3,0.880797
28.4,0.880797
28.5,0.880797
28.6,0.880797
28.7,0.880797
28.8,0.880797
28.9,0.880797
29,0.880797
29.1,0.880797
29.2,0.880797
29.3,0.880797
29.4,0.880797
29.5,0.880797
29.6,0.880797
29.7,0.880797
29.8,0.880797
29.9,0.880797
30,0.880797
30.1,0.880797
30.2,0.880797
30.3,0.880797
30.4,0.880797
30.5,0.880797
30.6,0.880797
30.7,0.880797
30.8,0.880797
30.9,0.880797
31,0.880797
31.1,0.880797
31.2,0.880797
31.3,0.880797
31.4,0.880797
31.5,0.880797
31.6,0.880797
31.7,0.880797
31.8,0.880797
31.9,0.880797
32,0.880797
32.1,0.880797
32.2,0.880797
32.3,0.880797
32.4,0.880797
32.5,0.880797
32.6,0.880797
32.7,0.880797
32.8,0.880797
32.9,0.880797
33,0.880797
33.1,0.880797
33.2,0.880797
33.3,0.880797
33.4,0.880797
33.5,0.880797
33.6,0.880797
33.7,0.880797
33.8,0.880797
33.9,0.880797
34,0.880797
34.1,0.880797
34.2,0.880797
34.3,0.880797
34.4,0.880797
34.5,0.880797
34.6,0.880797
34.7,0.880797
34.8,0.880797
34.9,0.880797
35,0.880797
35.1,0.880797
35.2,0.880797
35.3,0.880797
35.4,0.880797
35.5,0.880797
35.6,0.880797
35.7,0.880797
35.8,0.880797
35.9,0.880797
36,0.880797
36.1,0.880797
36.2,0.880797
36.3,0.880797
36.4,0.880797
36.5,0.880797
36.6,0.880797
36.7,0.880797
36.8,0.880797
36.9,0.880797
37,0.880797
37.1,0.880797
37.2,0.880797
37.3,0.880797
37.4,0.880797
37.5,0.880797
37.6,0.880797
37.7,0.880797
37.8,0.880797
37.9,0.880797
38,0.880797
38.1,0.880797
38.2,0.880797
38.3,0.880797
38.4,0.880797
38.5,0.880797
38.6,0.880797
38.7,0.880797
38.8,0.880797
38.9,0.880797
39,0.880797
39.1,0.880797
39.2,0.880797
39.3,0.880797
39.4,0.880797
39.5,0.880797
39.6,0.880797
39.7,0.880797
39.8,0.880797
39.9,0.880797
40,0.880797
40.1,0.880797
40.2,0.880797
40.3,0.880797
40.4,0.880797
40.5,0.880797
40.6,0.880797
40.7,0.880797
40.8,0.880797
40.9,0.880797
41,0.880797
41.1,0.880797
41.2,0.880797
41.3,0.880797
41.4,0.880797
41.5,0.880797
41.6,0.880797
41.7,0.880797
41.8,0.880797
41.9,0.880797
42,0.880797
42.1,0.880797
42.2,0.880797
42.3,0.880797
42.4,0.880797
42.5,0.880797
42.6,0.880797
42.7,0.880797
42.8,0.880797
42.9,0.880797
43,0.880797
43.1,0.880797
43.2,0.880797
43.3,0.880797
43.4,0.880797
43.5,0.880797
43.6,0.880797
43.7,0.880797
43.8,0.880797
43.9,0.880797
44,0.880797
44.1,0.880797
44.2,0.880797
44.3,0.880797
44.4,0.880797
44.5,0.880797
44.6,0.880797
44.7,0.880797
44.8,0.880797
44.9,0.880797
45,0.880797
45.1,0.880797
45.2,0.880797
45.3,0.880797
45.4,0.880797
45.5,0.880797
45.6,0.880797
45.7,0.880797
45.8,0.880797
45.9,0.880797
46,0.880797
46.1,0.880797
46.2,0.880797
46.3,0.880797
46.4,0.880797
46.5,0.880797
46.6,0.880797
46.7,0.880797
46.8,0.880797
46.9,0.880797
47,0.880797
47.1,0.880797
47.2,0.880797
47.3,0.880797
47.4,0.880797
47.5,0.880797
47.6,0.880797
47.7,0.880797
47.8,0.880797
47.9,0.880797
48,0.880797
48.1,0.880797
48.2,0.880797
48.3,0.880797
48.4,0.880797
48.5,0.880797
48.6,0.880797
48.7,0.880797
48.8,0.880797
48.9,0.880797
49,0.880797
49.1,0.880797
49.2,0.880797
49.3,0.880797
49.4,0.880797
49.5,0.880797
49.6,0.880797
49.7,0.880797
49.8,0.880797
49.9,0.880797
50,0.880797
50.1,0.880797
50.2,0.880797
50.3,0.880797
50.4,0.880797
50.5,0.880797
50.6,0.880797
50.7,0.880797
50.8,0.880797
50.9,0.880797
51,0.880797
51.1,0.880797
51.2,0.880797
51.3,0.880797
51.4,0.880797
51.5,0.880797
51.6,0.880797
51.7,0.880797
51.8,0.880797
51.9,0.880797
52,0.880797
52.1,0.880797
52.2,0.880797
52.3,0.880797
52.4,0.880797
52.5,0.880797
52.6,0.880797
52.7,0.880797
52.8,0.880797
52.9,0.880797
53,0.880797
53.1,0.880797
53.2,0.880797
53.3,0.880797
53.4,0.880797
53.5,0.880797
53.6,0.880797
53.7,0.880797
53.8,0.880797
53.9,0.880797
54,0.880797
54.1,0.880797
54.2,0.880797
54.3,0.880797
54.4,0.880797
54.5,0.880797
54.6,0.880797
54.7,0.880797
54.8,0.880797
54.9,0.880797
55,0.880797
55.1,0.880797
55.2,0.880797
55.3,0.880797
55.4,0.880797
55.5,0.880797
55.6,0.880797
55.7,0.880797
55.8,0.880797
55.9,0.880797
56,0.880797
56.1,0.880797
56.2,0.880797
56.3,0.880797
56.4,0.880797
56.5,0.880797
56.6,0.880797
56.7,0.880797
56.8,0.880797
56.9,0.880797
57,0.880797
57.1,0.880797
57.2,0.880797
57.3,0.880797
57.4,0.880797
57.5,0.880797
57.6,0.880797
57.7,0.880797
57.8,0.880797
57.9,0.880797
58,0.880797
58.1,0.880797
58.2,0.880797
58.3,0.880797
58.4,0.880797
58.5,0.880797
58.6,0.880797
58.7,0.880797
58.8,0.880797
58.9,0.880797
59,0.880797
59.1,0.880797
59.2,0.880797
59.3,0.880797
59.4,0.880797
59.5,0.880797
59.6,0.880797
59.7,0.880797
59.8,0.880797
59.9,0.880797
60,0.880797
60.1,0.880797
60.2,0.880797
60.3,0.880797
60.4,0.880797
60.5,0.880797
60.6,0.880797
60.7,0.880797
60.8,0.880797
60.9,0.880797
61,0.880797
61.1,0.880797
61.2,0.880797
61.3,0.880797
61.4,0.880797
61.5,0.880797
61.6,0.880797
61.7,0.880797
61.8,0.880797
61.9,0.880797
62,0.880797
62.1,0.880797
62.2,0.880797
62.3,0.880797
62.4,0.880797
62.5,0.880797
62.6,0.880797
62.7,0.880797
62.8,0.880797
62.9,0.880797
63,0.880797
63.1,0.880797
63.2,0.880797
63.3,0.880797
63.4,0.880797
63.5,0.880797
63.6,0.880797
63.7,0.880797
63.8,0.880797
63.9,0.880797
64,0.880797
64.1,0.880797
64.2,0.880797
64.3,0.880797
64.4,0.880797
64.5,0.880797
64.6,0.880797
64.7,0.880797
64.8,0.880797
64.9,0.880797
65,0.880797
65.1,0.880797
65.2,0.880797
65.3,0.880797
65.4,0.880797
65.5,0.880797
65.6,0.880797
65.7,0.880797
65.8,0.880797
65.9,0.880797
66,0.880797
66.1,0.880797
66.2,0.880797
66.3,0.880797
66.4,0.880797
66.5,0.880797
66.6,0.880797
66.7,0.880797
66.8,0.880797
66.9,0.880797
67,0.880797
67.1,0.880797
67.2,0.880797
67.3,0.880797
67.4,0.880797
67.5,0.880797
67.6,0.880797
67.7,0.880797
67.8,0.880797
67.9,0.880797
68,0.880797
68.1,0.880797
68.2,0.880797
68.3,0.880797
68.4,0.880797
68.5,0.880797
68.6,0.880797
68.7,0.880797
68.8,0.880797
68.9,0.880797
69,0.880797
69.1,0.880797
69.2,0.880797
69.3,0.880797
69.4,0.880797
69.5,0.880797
69.6,0.880797
69.7,0.880797
69.8,0.880797
69.9,0.880797
70,0.880797
70.1,0.880797
70.2,0.880797
70.3,0.880797
70.4,0.880797
70.5,0.880797
70.6,0.880797
70.7,0.880797
70.8,0.880797
70.9,0.880797
71,0.880797
71.1,0.880797
71.2,0.880797
71.3,0.880797
71.4,0.880797
71.5,0.880797
71.6,0.880797
71.7,0.880797
71.8,0.880797
71.9,0.880797
72,0.880797
72.1,0.880797
72.2,0.880797
72.3,0.880797
72.4,0.880797
72.5,0.880797
72.6,0.880797
72.7,0.880797
72.8,0.880797
72.9,0.880797
73,0.880797
73.1,0.880797
73.2,0.880797
73.3,0.880797
73.4,0.880797
73.5,0.880797
73.6,0.880797
73.7,0.880797
73.8,0.880797
73.9,0.880797
74,0.880797
74.1,0.880797
74.2,0.880797
74.3,0.880797
74.4,0.880797
74.5,0.880797
74.6,0.880797
74.7,0.880797
74.8,0.880797
74.9,0.880797
75,0.880797
75.1,0.880797
75.2,0.880797
75.3,0.880797
75.4,0.880797
75.5,0.880797
75.6,0.880797
75.7,0.880797
75.8,0.880797
75.9,0.880797
76,0.880797
76.1,0.880797
76.2,0.880797
76.3,0.880797
76.4,0.880797
76.5,0.880797
76.6,0.880797
76.7,0.880797
76.8,0.880797
76.9,0.880797
77,0.880797
77.1,0.880797
77.2,0.880797
77.3,0.880797
77.4,0.880797
77.5,0.880797
77.6,0.880797
77.7,0.880797
77.8,0.880797
77.9,0.880797
78,0.880797
78.1,0.880797
78.2,0.880797
78.3,0.880797
78.4,0.880797
78.5,0.880797
78.6,0.880797
78.7,0.880797
78.8,0.880797
78.9,0.880797
79,0.880797
79.1,0.880797
79.2,0.880797
79.3,0.880797
79.4,0.880797
79.5,0.880797
79.6,0.880797
79.7,0.880797
79.8,0.880797
79.9,0.880797
80,0.880797
80.1,0.880797
80.2,0.880797
80.3,0.880797
80.4,0.880797
80.5,0.880797
80.6,0.880797
80.7,0.880797
80.8,0.880797
80.9,0.880797
81,0.880797
81.1,0.880797
81.2,0.880797
81.3,0.880797
81.4,0.880797
81.5,0.880797
81.6,0.880797
81.7,0.880797
81.8,0.880797
81.9,0.880797
82,0.880797
82.1,0.880797
82.2,0.880797
82.3,0.880797
82.4,0.880797
82.5,0.880797
82.6,0.880797
82.7,0.880797
82.8,0.880797
82.9,0.880797
83,0.880797
83.1,0.880797
83.2,0.880797
83.3,0.880797
83.4,0.880797
83.5,0.880797
83.6,0.880797
83.7,0.880797
83.8,0.880797
83.9,0.880797
84,0.880797
84.1,0.880797
84.2,0.880797
84.3,0.880797
84.4,0.880797
84.5,0.880797
84.6,0.880797
84.7,0.880797
84.8,0.880797
84.9,0.880797
85,0.880797
85.1,0.880797
85.2,0.880797
85.3,0.880797
85.4,0.880797
85.5,0.880797
85.6,0.880797
85.7,0.880797
85.8,0.880797
85.9,0.880797
86,0.880797
86.1,0.880797
86.2,0.880797
86.3,0.880797
86.4,0.880797
86.5,0.880797
86.6,0.880797
86.7,0.880797
86.8,0.880797
86.9,0.880797
87,0.880797
87.1,0.880797
87.2,0.880797
87.3,0.880797
87.4,0.880797
87.5,0.880797
87.6,0.880797
87.7,0.880797
87.8,0.880797
87.9,0.880797
88,0.880797
88.1,0.880797
88.2,0.880797
88.3,0.880797
88.4,0.880797
88.5,0.880797
88.6,0.880797
88.7,0.880797
88.8,0.880797
88.9,0.880797
89,0.880797
89.1,0.880797
89.2,0.880797
89.3,0.880797
89.4,0.880797
89.5,0.880797
89.6,0.880797
89.7,0.880797
89.8,0.880797
89.9,0.880797
90,0.880797
90.1,0.880797
90.2,0.880797
90.3,0.880797
90.4,0.880797
90.5,0.880797
90.6,0.880797
90.7,0.880797
90.8,0.880797
90.9,0.880797
91,0.880797
91.1,0.880797
91.2,0.880797
91.3,0.880797
91.4,0.880797
91.5,0.880797
91.6,0.880797
91.7,0.880797
91.8,0.880797
91.9,0.880797
92,0.880797
92.1,0.880797
92.2,0.880797
92.3,0.880797
92.4,0.880797
92.5,0.880797
92.6,0.880797
92.7,0.880797
92.8,0.880797
92.9,0.880797
93,0.880797
93.1,0.880797
93.2,0.880797
93.3,0.880797
93.4,0.880797
93.5,0.880797
93.6,0.880797
93.7,0.880797
93.8,0.880797
93.9,0.880797
94,0.880797
94.1,0.880797
94.2,0.880797
94.3,0.880797
94.4,0.880797
94.5,0.880797
94.6,0.880797
94.7,0.880797
94.8,0.880797
94.9,0.880797
95,0.880797
95.1,0.880797
95.2,0.880797
95.3,0.880797
95.4,0.880797
95.5,0.880797
95.6,0.880797
95.7,0.880797
95.8,0.880797
95.9,0.880797
96,0.880797
96.1,0.880797
96.2,0.880797
96.3,0.880797
96.4,0.880797
96.5,0.880797
96.6,0.880797
96.7,0.880797
96.8,0.880797
96.9,0.880797
97,0.880797
97.1,0.880797
97.2,0.880797
97.3,0.880797
97.4,0.880797
97.5,0.880797
97.6,0.880797
97.7,0.880797
97.8,0.880797
97.9,0.880797
98,0.880797
98.1,0.880797
98.2,0.880797
98.3,0.880797
98.4,0.880797
98.5,0.880797
98.6,0.880797
98.7,0.880797
98.8,0.880797
98.9,0.880797
99,0.880797
99.1,0.880797
99.2,0.880797
99.3,0.880797
99.4,0.880797
99.5,0.880797
99.6,0.880797
99.7,0.880797
99.8,0.880797
99.9,0.880797
